0 0.0 0.0 1632731341194 1 
1 0.0 4.4966018388083173E-4 1632731341194 1 
2 0.0 8.993203677616635E-4 1632731341194 1 
3 0.0 0.0013489805516424952 1632731341194 1 
4 0.0 0.001798640735523327 1632731341194 1 
5 0.0 0.0022483009194041587 1632731341194 1 
6 0.0 0.0026979611032849904 1632731341194 1 
7 0.0 0.003147621287165822 1632731341194 1 
8 0.0 0.003597281471046654 1632731341194 1 
9 0.0 0.004046941654927486 1632731341194 1 
10 0.0 0.004496601838808317 1632731341194 1 
11 0.0 0.004946262022689149 1632731341194 1 
12 0.0 0.005395922206569981 1632731341194 1 
13 0.0 0.0058455823904508125 1632731341194 1 
14 0.0 0.006295242574331644 1632731341194 1 
15 0.0 0.006744902758212476 1632731341194 1 
16 0.0 0.007194562942093308 1632731341194 1 
17 0.0 0.0076442231259741394 1632731341194 1 
18 0.0 0.008093883309854971 1632731341194 1 
19 0.0 0.008543543493735803 1632731341194 1 
20 4.4966018388083173E-4 0.0 1632731341194 1 
21 4.4966018388083173E-4 4.4966018388083173E-4 1632731341194 1 
22 4.4966018388083173E-4 8.993203677616635E-4 1632731341194 1 
23 4.4966018388083173E-4 0.0013489805516424952 1632731341194 1 
24 4.4966018388083173E-4 0.001798640735523327 1632731341194 1 
25 4.4966018388083173E-4 0.0022483009194041587 1632731341194 1 
26 4.4966018388083173E-4 0.0026979611032849904 1632731341194 1 
27 4.4966018388083173E-4 0.003147621287165822 1632731341194 1 
28 4.4966018388083173E-4 0.003597281471046654 1632731341194 1 
29 4.4966018388083173E-4 0.004046941654927486 1632731341194 1 
30 4.4966018388083173E-4 0.004496601838808317 1632731341194 1 
31 4.4966018388083173E-4 0.004946262022689149 1632731341194 1 
32 4.4966018388083173E-4 0.005395922206569981 1632731341194 1 
33 4.4966018388083173E-4 0.0058455823904508125 1632731341194 1 
34 4.4966018388083173E-4 0.006295242574331644 1632731341194 1 
35 4.4966018388083173E-4 0.006744902758212476 1632731341194 1 
36 4.4966018388083173E-4 0.007194562942093308 1632731341194 1 
37 4.4966018388083173E-4 0.0076442231259741394 1632731341194 1 
38 4.4966018388083173E-4 0.008093883309854971 1632731341194 1 
39 4.4966018388083173E-4 0.008543543493735803 1632731341194 1 
40 8.993203677616635E-4 0.0 1632731341194 1 
41 8.993203677616635E-4 4.4966018388083173E-4 1632731341194 1 
42 8.993203677616635E-4 8.993203677616635E-4 1632731341194 1 
43 8.993203677616635E-4 0.0013489805516424952 1632731341194 1 
44 8.993203677616635E-4 0.001798640735523327 1632731341194 1 
45 8.993203677616635E-4 0.0022483009194041587 1632731341194 1 
46 8.993203677616635E-4 0.0026979611032849904 1632731341194 1 
47 8.993203677616635E-4 0.003147621287165822 1632731341194 1 
48 8.993203677616635E-4 0.003597281471046654 1632731341194 1 
49 8.993203677616635E-4 0.004046941654927486 1632731341194 1 
50 8.993203677616635E-4 0.004496601838808317 1632731341194 1 
51 8.993203677616635E-4 0.004946262022689149 1632731341194 1 
52 8.993203677616635E-4 0.005395922206569981 1632731341194 1 
53 8.993203677616635E-4 0.0058455823904508125 1632731341194 1 
54 8.993203677616635E-4 0.006295242574331644 1632731341194 1 
55 8.993203677616635E-4 0.006744902758212476 1632731341194 1 
56 8.993203677616635E-4 0.007194562942093308 1632731341194 1 
57 8.993203677616635E-4 0.0076442231259741394 1632731341194 1 
58 8.993203677616635E-4 0.008093883309854971 1632731341194 1 
59 8.993203677616635E-4 0.008543543493735803 1632731341194 1 
60 0.0013489805516424952 0.0 1632731341194 1 
61 0.0013489805516424952 4.4966018388083173E-4 1632731341194 1 
62 0.0013489805516424952 8.993203677616635E-4 1632731341194 1 
63 0.0013489805516424952 0.0013489805516424952 1632731341194 0 
64 0.0013489805516424952 0.001798640735523327 1632731341194 0 
65 0.0013489805516424952 0.0022483009194041587 1632731341194 1 
66 0.0013489805516424952 0.0026979611032849904 1632731341194 1 
67 0.0013489805516424952 0.003147621287165822 1632731341194 1 
68 0.0013489805516424952 0.003597281471046654 1632731341194 1 
69 0.0013489805516424952 0.004046941654927486 1632731341194 1 
70 0.0013489805516424952 0.004496601838808317 1632731341194 1 
71 0.0013489805516424952 0.004946262022689149 1632731341194 1 
72 0.0013489805516424952 0.005395922206569981 1632731341194 1 
73 0.0013489805516424952 0.0058455823904508125 1632731341194 1 
74 0.0013489805516424952 0.006295242574331644 1632731341194 1 
75 0.0013489805516424952 0.006744902758212476 1632731341194 1 
76 0.0013489805516424952 0.007194562942093308 1632731341194 1 
77 0.0013489805516424952 0.0076442231259741394 1632731341194 1 
78 0.0013489805516424952 0.008093883309854971 1632731341194 1 
79 0.0013489805516424952 0.008543543493735803 1632731341194 1 
80 0.001798640735523327 0.0 1632731341194 1 
81 0.001798640735523327 4.4966018388083173E-4 1632731341194 1 
82 0.001798640735523327 8.993203677616635E-4 1632731341194 1 
83 0.001798640735523327 0.0013489805516424952 1632731341194 0 
84 0.001798640735523327 0.001798640735523327 1632731341194 0 
85 0.001798640735523327 0.0022483009194041587 1632731341194 1 
86 0.001798640735523327 0.0026979611032849904 1632731341194 1 
87 0.001798640735523327 0.003147621287165822 1632731341194 1 
88 0.001798640735523327 0.003597281471046654 1632731341194 1 
89 0.001798640735523327 0.004046941654927486 1632731341194 1 
90 0.001798640735523327 0.004496601838808317 1632731341194 1 
91 0.001798640735523327 0.004946262022689149 1632731341194 1 
92 0.001798640735523327 0.005395922206569981 1632731341194 1 
93 0.001798640735523327 0.0058455823904508125 1632731341194 1 
94 0.001798640735523327 0.006295242574331644 1632731341194 1 
95 0.001798640735523327 0.006744902758212476 1632731341194 1 
96 0.001798640735523327 0.007194562942093308 1632731341194 1 
97 0.001798640735523327 0.0076442231259741394 1632731341194 1 
98 0.001798640735523327 0.008093883309854971 1632731341194 1 
99 0.001798640735523327 0.008543543493735803 1632731341194 1 
100 0.0022483009194041587 0.0 1632731341194 1 
101 0.0022483009194041587 4.4966018388083173E-4 1632731341194 1 
102 0.0022483009194041587 8.993203677616635E-4 1632731341194 1 
103 0.0022483009194041587 0.0013489805516424952 1632731341194 1 
104 0.0022483009194041587 0.001798640735523327 1632731341194 1 
105 0.0022483009194041587 0.0022483009194041587 1632731341194 1 
106 0.0022483009194041587 0.0026979611032849904 1632731341194 1 
107 0.0022483009194041587 0.003147621287165822 1632731341194 1 
108 0.0022483009194041587 0.003597281471046654 1632731341194 1 
109 0.0022483009194041587 0.004046941654927486 1632731341194 1 
110 0.0022483009194041587 0.004496601838808317 1632731341194 1 
111 0.0022483009194041587 0.004946262022689149 1632731341194 1 
112 0.0022483009194041587 0.005395922206569981 1632731341194 1 
113 0.0022483009194041587 0.0058455823904508125 1632731341194 1 
114 0.0022483009194041587 0.006295242574331644 1632731341194 1 
115 0.0022483009194041587 0.006744902758212476 1632731341194 1 
116 0.0022483009194041587 0.007194562942093308 1632731341194 1 
117 0.0022483009194041587 0.0076442231259741394 1632731341194 1 
118 0.0022483009194041587 0.008093883309854971 1632731341194 1 
119 0.0022483009194041587 0.008543543493735803 1632731341194 1 
120 0.0026979611032849904 0.0 1632731341194 1 
121 0.0026979611032849904 4.4966018388083173E-4 1632731341194 1 
122 0.0026979611032849904 8.993203677616635E-4 1632731341194 1 
123 0.0026979611032849904 0.0013489805516424952 1632731341194 1 
124 0.0026979611032849904 0.001798640735523327 1632731341194 1 
125 0.0026979611032849904 0.0022483009194041587 1632731341194 1 
126 0.0026979611032849904 0.0026979611032849904 1632731341194 0 
127 0.0026979611032849904 0.003147621287165822 1632731341194 0 
128 0.0026979611032849904 0.003597281471046654 1632731341194 0 
129 0.0026979611032849904 0.004046941654927486 1632731341194 0 
130 0.0026979611032849904 0.004496601838808317 1632731341194 0 
131 0.0026979611032849904 0.004946262022689149 1632731341194 0 
132 0.0026979611032849904 0.005395922206569981 1632731341194 0 
133 0.0026979611032849904 0.0058455823904508125 1632731341194 0 
134 0.0026979611032849904 0.006295242574331644 1632731341194 0 
135 0.0026979611032849904 0.006744902758212476 1632731341194 1 
136 0.0026979611032849904 0.007194562942093308 1632731341194 1 
137 0.0026979611032849904 0.0076442231259741394 1632731341194 1 
138 0.0026979611032849904 0.008093883309854971 1632731341194 1 
139 0.0026979611032849904 0.008543543493735803 1632731341194 1 
140 0.003147621287165822 0.0 1632731341194 1 
141 0.003147621287165822 4.4966018388083173E-4 1632731341194 1 
142 0.003147621287165822 8.993203677616635E-4 1632731341194 1 
143 0.003147621287165822 0.0013489805516424952 1632731341194 1 
144 0.003147621287165822 0.001798640735523327 1632731341194 1 
145 0.003147621287165822 0.0022483009194041587 1632731341194 1 
146 0.003147621287165822 0.0026979611032849904 1632731341194 0 
147 0.003147621287165822 0.003147621287165822 1632731341194 0 
148 0.003147621287165822 0.003597281471046654 1632731341194 0 
149 0.003147621287165822 0.004046941654927486 1632731341194 0 
150 0.003147621287165822 0.004496601838808317 1632731341194 0 
151 0.003147621287165822 0.004946262022689149 1632731341194 0 
152 0.003147621287165822 0.005395922206569981 1632731341194 0 
153 0.003147621287165822 0.0058455823904508125 1632731341194 0 
154 0.003147621287165822 0.006295242574331644 1632731341194 0 
155 0.003147621287165822 0.006744902758212476 1632731341194 1 
156 0.003147621287165822 0.007194562942093308 1632731341194 1 
157 0.003147621287165822 0.0076442231259741394 1632731341194 1 
158 0.003147621287165822 0.008093883309854971 1632731341194 1 
159 0.003147621287165822 0.008543543493735803 1632731341194 1 
160 0.003597281471046654 0.0 1632731341194 1 
161 0.003597281471046654 4.4966018388083173E-4 1632731341194 1 
162 0.003597281471046654 8.993203677616635E-4 1632731341194 1 
163 0.003597281471046654 0.0013489805516424952 1632731341194 1 
164 0.003597281471046654 0.001798640735523327 1632731341194 1 
165 0.003597281471046654 0.0022483009194041587 1632731341194 1 
166 0.003597281471046654 0.0026979611032849904 1632731341194 0 
167 0.003597281471046654 0.003147621287165822 1632731341194 0 
168 0.003597281471046654 0.003597281471046654 1632731341194 0 
169 0.003597281471046654 0.004046941654927486 1632731341194 0 
170 0.003597281471046654 0.004496601838808317 1632731341194 0 
171 0.003597281471046654 0.004946262022689149 1632731341194 0 
172 0.003597281471046654 0.005395922206569981 1632731341194 0 
173 0.003597281471046654 0.0058455823904508125 1632731341194 0 
174 0.003597281471046654 0.006295242574331644 1632731341194 0 
175 0.003597281471046654 0.006744902758212476 1632731341194 1 
176 0.003597281471046654 0.007194562942093308 1632731341194 1 
177 0.003597281471046654 0.0076442231259741394 1632731341194 1 
178 0.003597281471046654 0.008093883309854971 1632731341194 1 
179 0.003597281471046654 0.008543543493735803 1632731341194 1 
180 0.004046941654927486 0.0 1632731341194 1 
181 0.004046941654927486 4.4966018388083173E-4 1632731341194 1 
182 0.004046941654927486 8.993203677616635E-4 1632731341194 1 
183 0.004046941654927486 0.0013489805516424952 1632731341194 1 
184 0.004046941654927486 0.001798640735523327 1632731341194 1 
185 0.004046941654927486 0.0022483009194041587 1632731341194 1 
186 0.004046941654927486 0.0026979611032849904 1632731341194 0 
187 0.004046941654927486 0.003147621287165822 1632731341194 0 
188 0.004046941654927486 0.003597281471046654 1632731341194 0 
189 0.004046941654927486 0.004046941654927486 1632731341194 0 
190 0.004046941654927486 0.004496601838808317 1632731341194 0 
191 0.004046941654927486 0.004946262022689149 1632731341194 0 
192 0.004046941654927486 0.005395922206569981 1632731341194 0 
193 0.004046941654927486 0.0058455823904508125 1632731341194 0 
194 0.004046941654927486 0.006295242574331644 1632731341194 0 
195 0.004046941654927486 0.006744902758212476 1632731341194 1 
196 0.004046941654927486 0.007194562942093308 1632731341194 1 
197 0.004046941654927486 0.0076442231259741394 1632731341194 1 
198 0.004046941654927486 0.008093883309854971 1632731341194 1 
199 0.004046941654927486 0.008543543493735803 1632731341194 1 
200 0.004496601838808317 0.0 1632731341194 1 
201 0.004496601838808317 4.4966018388083173E-4 1632731341194 1 
202 0.004496601838808317 8.993203677616635E-4 1632731341194 1 
203 0.004496601838808317 0.0013489805516424952 1632731341194 1 
204 0.004496601838808317 0.001798640735523327 1632731341194 1 
205 0.004496601838808317 0.0022483009194041587 1632731341194 1 
206 0.004496601838808317 0.0026979611032849904 1632731341194 0 
207 0.004496601838808317 0.003147621287165822 1632731341194 0 
208 0.004496601838808317 0.003597281471046654 1632731341194 0 
209 0.004496601838808317 0.004046941654927486 1632731341194 0 
210 0.004496601838808317 0.004496601838808317 1632731341194 0 
211 0.004496601838808317 0.004946262022689149 1632731341194 0 
212 0.004496601838808317 0.005395922206569981 1632731341194 0 
213 0.004496601838808317 0.0058455823904508125 1632731341194 0 
214 0.004496601838808317 0.006295242574331644 1632731341194 0 
215 0.004496601838808317 0.006744902758212476 1632731341194 1 
216 0.004496601838808317 0.007194562942093308 1632731341194 1 
217 0.004496601838808317 0.0076442231259741394 1632731341194 1 
218 0.004496601838808317 0.008093883309854971 1632731341194 1 
219 0.004496601838808317 0.008543543493735803 1632731341194 1 
220 0.004946262022689149 0.0 1632731341194 1 
221 0.004946262022689149 4.4966018388083173E-4 1632731341194 1 
222 0.004946262022689149 8.993203677616635E-4 1632731341194 1 
223 0.004946262022689149 0.0013489805516424952 1632731341194 1 
224 0.004946262022689149 0.001798640735523327 1632731341194 1 
225 0.004946262022689149 0.0022483009194041587 1632731341194 1 
226 0.004946262022689149 0.0026979611032849904 1632731341194 0 
227 0.004946262022689149 0.003147621287165822 1632731341194 0 
228 0.004946262022689149 0.003597281471046654 1632731341194 0 
229 0.004946262022689149 0.004046941654927486 1632731341194 0 
230 0.004946262022689149 0.004496601838808317 1632731341194 0 
231 0.004946262022689149 0.004946262022689149 1632731341194 0 
232 0.004946262022689149 0.005395922206569981 1632731341194 0 
233 0.004946262022689149 0.0058455823904508125 1632731341194 0 
234 0.004946262022689149 0.006295242574331644 1632731341194 0 
235 0.004946262022689149 0.006744902758212476 1632731341194 1 
236 0.004946262022689149 0.007194562942093308 1632731341194 1 
237 0.004946262022689149 0.0076442231259741394 1632731341194 1 
238 0.004946262022689149 0.008093883309854971 1632731341194 1 
239 0.004946262022689149 0.008543543493735803 1632731341194 1 
240 0.005395922206569981 0.0 1632731341194 1 
241 0.005395922206569981 4.4966018388083173E-4 1632731341194 1 
242 0.005395922206569981 8.993203677616635E-4 1632731341194 1 
243 0.005395922206569981 0.0013489805516424952 1632731341194 1 
244 0.005395922206569981 0.001798640735523327 1632731341194 1 
245 0.005395922206569981 0.0022483009194041587 1632731341194 1 
246 0.005395922206569981 0.0026979611032849904 1632731341194 0 
247 0.005395922206569981 0.003147621287165822 1632731341194 0 
248 0.005395922206569981 0.003597281471046654 1632731341194 0 
249 0.005395922206569981 0.004046941654927486 1632731341194 0 
250 0.005395922206569981 0.004496601838808317 1632731341194 0 
251 0.005395922206569981 0.004946262022689149 1632731341194 0 
252 0.005395922206569981 0.005395922206569981 1632731341194 0 
253 0.005395922206569981 0.0058455823904508125 1632731341194 0 
254 0.005395922206569981 0.006295242574331644 1632731341194 0 
255 0.005395922206569981 0.006744902758212476 1632731341194 1 
256 0.005395922206569981 0.007194562942093308 1632731341194 1 
257 0.005395922206569981 0.0076442231259741394 1632731341194 1 
258 0.005395922206569981 0.008093883309854971 1632731341194 1 
259 0.005395922206569981 0.008543543493735803 1632731341194 1 
260 0.0058455823904508125 0.0 1632731341194 1 
261 0.0058455823904508125 4.4966018388083173E-4 1632731341194 1 
262 0.0058455823904508125 8.993203677616635E-4 1632731341194 1 
263 0.0058455823904508125 0.0013489805516424952 1632731341194 1 
264 0.0058455823904508125 0.001798640735523327 1632731341194 1 
265 0.0058455823904508125 0.0022483009194041587 1632731341194 1 
266 0.0058455823904508125 0.0026979611032849904 1632731341194 0 
267 0.0058455823904508125 0.003147621287165822 1632731341194 0 
268 0.0058455823904508125 0.003597281471046654 1632731341194 0 
269 0.0058455823904508125 0.004046941654927486 1632731341194 0 
270 0.0058455823904508125 0.004496601838808317 1632731341194 0 
271 0.0058455823904508125 0.004946262022689149 1632731341194 0 
272 0.0058455823904508125 0.005395922206569981 1632731341194 0 
273 0.0058455823904508125 0.0058455823904508125 1632731341194 0 
274 0.0058455823904508125 0.006295242574331644 1632731341194 0 
275 0.0058455823904508125 0.006744902758212476 1632731341194 1 
276 0.0058455823904508125 0.007194562942093308 1632731341194 1 
277 0.0058455823904508125 0.0076442231259741394 1632731341194 1 
278 0.0058455823904508125 0.008093883309854971 1632731341194 1 
279 0.0058455823904508125 0.008543543493735803 1632731341194 1 
280 0.006295242574331644 0.0 1632731341194 1 
281 0.006295242574331644 4.4966018388083173E-4 1632731341194 1 
282 0.006295242574331644 8.993203677616635E-4 1632731341194 1 
283 0.006295242574331644 0.0013489805516424952 1632731341194 1 
284 0.006295242574331644 0.001798640735523327 1632731341194 1 
285 0.006295242574331644 0.0022483009194041587 1632731341194 1 
286 0.006295242574331644 0.0026979611032849904 1632731341194 0 
287 0.006295242574331644 0.003147621287165822 1632731341194 0 
288 0.006295242574331644 0.003597281471046654 1632731341194 0 
289 0.006295242574331644 0.004046941654927486 1632731341194 0 
290 0.006295242574331644 0.004496601838808317 1632731341194 0 
291 0.006295242574331644 0.004946262022689149 1632731341194 0 
292 0.006295242574331644 0.005395922206569981 1632731341194 0 
293 0.006295242574331644 0.0058455823904508125 1632731341194 0 
294 0.006295242574331644 0.006295242574331644 1632731341194 0 
295 0.006295242574331644 0.006744902758212476 1632731341194 1 
296 0.006295242574331644 0.007194562942093308 1632731341194 1 
297 0.006295242574331644 0.0076442231259741394 1632731341194 1 
298 0.006295242574331644 0.008093883309854971 1632731341194 1 
299 0.006295242574331644 0.008543543493735803 1632731341194 1 
300 0.006744902758212476 0.0 1632731341194 1 
301 0.006744902758212476 4.4966018388083173E-4 1632731341194 1 
302 0.006744902758212476 8.993203677616635E-4 1632731341194 1 
303 0.006744902758212476 0.0013489805516424952 1632731341194 1 
304 0.006744902758212476 0.001798640735523327 1632731341194 1 
305 0.006744902758212476 0.0022483009194041587 1632731341194 1 
306 0.006744902758212476 0.0026979611032849904 1632731341194 1 
307 0.006744902758212476 0.003147621287165822 1632731341194 1 
308 0.006744902758212476 0.003597281471046654 1632731341194 1 
309 0.006744902758212476 0.004046941654927486 1632731341194 1 
310 0.006744902758212476 0.004496601838808317 1632731341194 1 
311 0.006744902758212476 0.004946262022689149 1632731341194 1 
312 0.006744902758212476 0.005395922206569981 1632731341194 1 
313 0.006744902758212476 0.0058455823904508125 1632731341194 1 
314 0.006744902758212476 0.006295242574331644 1632731341194 1 
315 0.006744902758212476 0.006744902758212476 1632731341194 1 
316 0.006744902758212476 0.007194562942093308 1632731341194 1 
317 0.006744902758212476 0.0076442231259741394 1632731341194 1 
318 0.006744902758212476 0.008093883309854971 1632731341194 1 
319 0.006744902758212476 0.008543543493735803 1632731341194 1 
320 0.007194562942093308 0.0 1632731341194 1 
321 0.007194562942093308 4.4966018388083173E-4 1632731341194 1 
322 0.007194562942093308 8.993203677616635E-4 1632731341194 1 
323 0.007194562942093308 0.0013489805516424952 1632731341194 1 
324 0.007194562942093308 0.001798640735523327 1632731341194 1 
325 0.007194562942093308 0.0022483009194041587 1632731341194 1 
326 0.007194562942093308 0.0026979611032849904 1632731341194 1 
327 0.007194562942093308 0.003147621287165822 1632731341194 1 
328 0.007194562942093308 0.003597281471046654 1632731341194 1 
329 0.007194562942093308 0.004046941654927486 1632731341194 1 
330 0.007194562942093308 0.004496601838808317 1632731341194 1 
331 0.007194562942093308 0.004946262022689149 1632731341194 1 
332 0.007194562942093308 0.005395922206569981 1632731341194 1 
333 0.007194562942093308 0.0058455823904508125 1632731341194 1 
334 0.007194562942093308 0.006295242574331644 1632731341194 1 
335 0.007194562942093308 0.006744902758212476 1632731341194 1 
336 0.007194562942093308 0.007194562942093308 1632731341194 1 
337 0.007194562942093308 0.0076442231259741394 1632731341194 1 
338 0.007194562942093308 0.008093883309854971 1632731341194 1 
339 0.007194562942093308 0.008543543493735803 1632731341194 1 
340 0.0076442231259741394 0.0 1632731341194 1 
341 0.0076442231259741394 4.4966018388083173E-4 1632731341194 1 
342 0.0076442231259741394 8.993203677616635E-4 1632731341194 1 
343 0.0076442231259741394 0.0013489805516424952 1632731341194 1 
344 0.0076442231259741394 0.001798640735523327 1632731341194 1 
345 0.0076442231259741394 0.0022483009194041587 1632731341194 1 
346 0.0076442231259741394 0.0026979611032849904 1632731341194 1 
347 0.0076442231259741394 0.003147621287165822 1632731341194 1 
348 0.0076442231259741394 0.003597281471046654 1632731341194 1 
349 0.0076442231259741394 0.004046941654927486 1632731341194 1 
350 0.0076442231259741394 0.004496601838808317 1632731341194 1 
351 0.0076442231259741394 0.004946262022689149 1632731341194 1 
352 0.0076442231259741394 0.005395922206569981 1632731341194 1 
353 0.0076442231259741394 0.0058455823904508125 1632731341194 1 
354 0.0076442231259741394 0.006295242574331644 1632731341194 1 
355 0.0076442231259741394 0.006744902758212476 1632731341194 1 
356 0.0076442231259741394 0.007194562942093308 1632731341194 1 
357 0.0076442231259741394 0.0076442231259741394 1632731341194 1 
358 0.0076442231259741394 0.008093883309854971 1632731341194 1 
359 0.0076442231259741394 0.008543543493735803 1632731341194 1 
360 0.008093883309854971 0.0 1632731341194 1 
361 0.008093883309854971 4.4966018388083173E-4 1632731341194 1 
362 0.008093883309854971 8.993203677616635E-4 1632731341194 1 
363 0.008093883309854971 0.0013489805516424952 1632731341194 1 
364 0.008093883309854971 0.001798640735523327 1632731341194 1 
365 0.008093883309854971 0.0022483009194041587 1632731341194 1 
366 0.008093883309854971 0.0026979611032849904 1632731341194 1 
367 0.008093883309854971 0.003147621287165822 1632731341194 1 
368 0.008093883309854971 0.003597281471046654 1632731341194 1 
369 0.008093883309854971 0.004046941654927486 1632731341194 1 
370 0.008093883309854971 0.004496601838808317 1632731341194 1 
371 0.008093883309854971 0.004946262022689149 1632731341194 1 
372 0.008093883309854971 0.005395922206569981 1632731341194 1 
373 0.008093883309854971 0.0058455823904508125 1632731341194 1 
374 0.008093883309854971 0.006295242574331644 1632731341194 1 
375 0.008093883309854971 0.006744902758212476 1632731341194 1 
376 0.008093883309854971 0.007194562942093308 1632731341194 1 
377 0.008093883309854971 0.0076442231259741394 1632731341194 1 
378 0.008093883309854971 0.008093883309854971 1632731341194 1 
379 0.008093883309854971 0.008543543493735803 1632731341194 1 
380 0.008543543493735803 0.0 1632731341194 1 
381 0.008543543493735803 4.4966018388083173E-4 1632731341194 1 
382 0.008543543493735803 8.993203677616635E-4 1632731341194 1 
383 0.008543543493735803 0.0013489805516424952 1632731341194 1 
384 0.008543543493735803 0.001798640735523327 1632731341194 1 
385 0.008543543493735803 0.0022483009194041587 1632731341194 1 
386 0.008543543493735803 0.0026979611032849904 1632731341194 1 
387 0.008543543493735803 0.003147621287165822 1632731341194 1 
388 0.008543543493735803 0.003597281471046654 1632731341194 1 
389 0.008543543493735803 0.004046941654927486 1632731341194 1 
390 0.008543543493735803 0.004496601838808317 1632731341194 1 
391 0.008543543493735803 0.004946262022689149 1632731341194 1 
392 0.008543543493735803 0.005395922206569981 1632731341194 1 
393 0.008543543493735803 0.0058455823904508125 1632731341194 1 
394 0.008543543493735803 0.006295242574331644 1632731341194 1 
395 0.008543543493735803 0.006744902758212476 1632731341194 1 
396 0.008543543493735803 0.007194562942093308 1632731341194 1 
397 0.008543543493735803 0.0076442231259741394 1632731341194 1 
398 0.008543543493735803 0.008093883309854971 1632731341194 1 
399 0.008543543493735803 0.008543543493735803 1632731341194 1 
